48079
10755
37244
48300
56239
46302
29608
593
62772
10591
5786
16244
18265
39409
43570
42539
63875
11099
35649
47316
36942
22270
5269
44687
22273
50814
3029
15803
45137
13088
39528
23692
25378
32718
17588
53095
15334
35938
38461
3064
20151
42717
44823
60968
59932
44158
43346
31354
54340
52523
946
55019
50516
59283
11363
18934
38535
53307
43677
23911
16566
49519
46018
51789
19044
10783
38746
2772
34578
5687
63528
61575
13487
16484
20217
26499
22885
19331
30946
17363
22937
46484
52647
7118
48194
24383
22338
29432
63652
21944
41008
58145
33997
16868
16007
14107
38258
4765
52547
8745
36626
18905
42655
8959
56020
43191
6526
20316
2271
46608
25453
31
6877
61926
51340
17257
50547
9772
15746
25918
3064
40845
15583
62793
65437
42701
17518
17500
43046
4513
48851
7162
18726
28873
42516
18471
49406
17580
17214
44573
42920
49766
6573
64330
61447
23805
16579
15879
2071
18929
22628
56903
2179
10591
33375
48886
17327
28976
45233
49841
5327
5156
27916
22137
59921
31127
31970
64752
14051
23910
23930
31561
58794
49478
10360
16366
30877
9649
39472
51475
55495
47394
31558
16462
46558
50325
54670
40694
49896
3227
5242
36627
20396
8888
25237
54457
5933
15356
23284
30167
17616
21372
3682
37116
60920
29249
43941
239
41397
30280
1983
37081
25893
45023
14795
52776
63096
64520
23872
65491
37727
31738
59465
43256
42854
51573
25028
21746
44166
11751
24176
30531
31072
21300
46688
34924
5670
35085
48634
31773
45290
48359
53235
23370
13424
54634
43784
32811
30666
14518
36360
22739
43323
55137
51812
374
648
24811
57260
44990
38904
2450
30051
9965
7226
2482
33379
65392
17061
17367
9749
54748
21591
5384
40560
48060
64805
35513
2473
61962
1941
10099
25349
55289
1420
6889
14908
33635
57855
47127
52258
95
18756
58512
23656
13887
17866
56104
27434
50938
32793
37522
49238
28092
14230
20966
25214
53166
20368
59907
45347
59836
3613
57246
50086
13579
23075
50806
20696
54390
10380
40787
9927
5632
14124
14308
14930
58805
23545
6667
41353
31393
20919
20301
9671
11301
40368
10741
15005
33927
38257
63321
63445
63324
44383
19151
38521
11663
41582
52884
63042
20334
10051
54342
57623
44535
63887
22800
22745
24896
29671
48963
59322
285
13470
1922
4105
18676
32802
848
60678
58972
59018
33330
26168
44555
1360
19850
244
10704
12628
24129
5101
46894
28420
52956
36208
63239
30847
58405
31298
62890
6314
9055
22434
30157
55343
54889
64061
2843
45774
57644
27964
63406
12868
14337
51975
62930
7442
12532
21566
35553
46088
59843
17441
8929
59126
61233
23321
56737
45149
38619
19464
40691
63233
14533
5660
64309
35692
53323
32493
329
36092
62027
61072
37423
15938
26565
44137
63108
61745
52608
9978
8603
43501
4729
32356
41761
43004
35976
57170
41256
35574
7326
30345
28602
60948
50916
29508
63110
24394
32465
62198
13190
38734
16493
945
53380
63996
63132
38427
7073
9949
63144
7182
20131
53606
56238
16615
8207
7480
25915
11097
12849
19862
19361
51628
20888
1320
9832
63423
13337
32275
61018
48500
52697
48830
194
19249
33027
42844
1362
50332
45365
58403
42902
54899
19306
2486
45159
46826
61566
59772
61357
44919
55750
7209
21233
1679
40582
50784
65130
57098
29943
14267
52298
60587
50153
35992
1373
10513
8570
22614
50938
44370
39358
19751
28893
39416
7214
10715
47675
23598
43538
4553
3133
27402
43433
4432
22920
50735
4928
32368
33443
32445
58710
17212
5725
34800
60829
58225
53157
3404
58350
16768
2168
58298
40205
9823
42794
6419
43776
19553
2338
40280
43615
60617
38966
59786
13716
27520
3674
64785
39586
57694
45726
6873
64544
46319
56058
7826
7362
49444
50118
51039
15455
25009
59672
56206
53285
7115
54002
61349
35778
4165
3140
62813
55569
22342
25028
35996
5499
20247
43374
39919
29199
37941
6634
42772
17263
10729
35458
5065
43944
34250
64807
26324
30600
65174
17437
2033
38432
11569
57641
19143
59690
20168
56274
2032
8968
44454
64737
41747
45265
40311
56810
52574
9937
7107
37194
62749
35351
43086
22951
10139
1225
16310
17365
10445
55970
30286
19287
55190
47633
48984
38129
15764
6853
50764
54225
14565
11900
2662
63823
52480
53958
24868
15658
20605
60539
45140
33003
53227
65054
46261
13497
48327
41831
31852
41727
62091
52262
58886
53937
3567
8675
53821
47692
17137
25592
14894
65520
16545
51236
18835
63873
11449
34700
20185
35534
28825
52299
30314
9107
33798
45128
7288
50169
23473
3376
7838
8285
55549
34190
9614
52420
63826
39487
56403
39377
27738
23555
34720
55386
15745
35151
20802
10899
58597
49815
56228
33228
6621
11661
40052
19156
21713
147
62741
239
62026
17632
47398
5289
13636
52762
38906
30826
1575
15212
51898
11608
48554
32513
12161
53125
49733
14093
7948
40251
25477
19937
26625
35463
35575
14075
56720
9276
24272
29624
20613
56503
20731
13795
61180
42258
50752
16013
20789
48977
12048
59184
42617
38324
13797
26605
54587
12553
24954
23118
6795
65466
63995
33323
65523
57819
9159
35104
59710
32651
26362
29106
9879
30548
25742
39158
22582
56742
24349
36341
4255
17801
51729
24500
24247
20830
1283
13219
12951
53611
13794
37124
11470
14541
16924
18492
12319
45363
53506
53691
12316
5602
5883
27966
62281
26630
44314
53705
27643
60622
41687
26472
37031
43546
12991
30565
14327
46123
28346
36062
159
3830
59362
6216
7381
25505
53296
58154
28641
38807
38117
47136
38305
20982
9859
62554
35362
38550
29164
17828
61317
65466
19656
18632
43874
30868
53605
55767
24660
8188
55878
57665
21871
41865
45032
3958
45326
44228
45572
917
41072
9156
44246
41626
34518
6465
61839
10698
40590
9646
12909
43779
27156
16338
34353
60037
54312
19363
65330
60837
10421
32368
36661
16212
63256
51050
54743
62550
5580
36889
15088
41965
8429
48952
54293
54477
62994
5685
64433
10139
33078
60966
54293
53824
7660
28973
51396
45152
26159
41116
18272
20308
25355
31642
40753
23943
9074
9498
11634
55353
2242
63429
40162
11699
63366
35399
9058
26392
48047
878
57435
51874
37467
2904
3404
26412
1614
45567
52781
41769
18465
56343
34144
25909
25995
428
31944
18996
19708
7713
4035
52765
18813
48168
52841
26555
36744
43309
3496
38648
